*********************WeightsAndBias*****************************
10
6.36409
9.21276
10
-8.96455
9.22992
-0.0187054
-10
2.35268
8.73118
2.36516
-10
0.932999
-8.76326
4.06575
8.53957
-4.64315
4.07014
5.44232
7.74878
-0.543088
3.91481
-9.3059
0.410085
10
7.02017
7.98073
-8.0144
1.3925
-8.4031
-1.89045
6.75529
-0.574959
10
-2.27912
4.31658
-1.36299
5.71529
-8.02067
4.68049
-8.81615
0.0357972
-8.60342
-10
5.40068
-0.0142554
4.02006
6.33385
-10
9.77947
-4.87795
-0.0223214
10
-1.0656
-1.85732
-1.06702
-4.25497
-5.86906
-3.33505
6.52994
-2.96352
10
-3.55772
-10
3.52674
10
10
10
-10
-10
10
-4.5529
4.9865
6.72813
0.795677
-1.71435
-3.11516
6.18311
2.15723
-4.40115
7.66022
10
-10
2.62789
-6.04861
10
-10
0.860976
-2.17176
-5.33124
-1.54791
-2.70594
3.28428
*********************WeightsAndBias*****************************
-2.64246
3.46413
-8.47223
-9.12234
2.51774
-7.22956
7.67797
4.6745
-4.94313
4.47378
-4.22607
3.79946
10
4.5361
4.84297
0.559745
-4.56746
3.65461
-2.79793
-7.07998
0.115783
-5.57375
-2.26208
3.8171
-10
-2.0875
-5.85221
-6.84539
-2.49337
10
8.27742
1.56734
-5.60425
-8.67003
10
6.24081
4.42265
-3.79411
10
0.929543
3.42238
-5.05638
-10
4.99354
-10
6.16079
1.20014
-10
-2.27485
-9.40809
0.29808
-2.17342
5.71304
10
-7.2954
-3.30451
10
6.14814
10
9.58146
-2.09481
-4.04021
10
1.1781
-2.06577
-7.2558
10
10
-10
10
-10
7.32219
-0.585561
-6.16869
-10
10
2.99185
10
-2.84898
10
-10
10
10
-10
10
-10
5.14405
-9.45746
10
8.64232
-10
10
3.7024
